13.355910 52.604741
13.404001 52.607089
13.378769 52.615132
13.045752 52.625543
13.076815 52.624207
13.190358 52.578654
13.171463 52.584914
13.356490 52.576525
13.356464 52.583850
13.351563 52.584623
13.333316 52.573611
13.299460 52.592832
13.388088 52.576383
13.372624 52.553853
13.387793 52.561069
13.389734 52.548642
13.290323 52.553495
13.406097 52.549574
13.285990 52.554022
13.290282 52.558132
13.268643 52.566911
13.352849 52.551982
13.392212 52.560943
13.272813 52.555464
13.283518 52.568392
13.404519 52.544696
13.386766 52.567525
13.418017 52.559526
13.422264 52.564632
13.390050 52.562210
13.389392 52.561526
13.432122 52.545535
13.427386 52.567995
13.394342 52.549407
13.382422 52.570802
13.393502 52.549173
13.278723 52.558860
13.306438 52.561599
13.383529 52.544576
13.256477 52.561065
13.263242 52.558914
13.298060 52.556119
13.306086 52.563375
13.351159 52.545283
13.299327 52.527120
13.440925 52.534361
13.389748 52.543065
13.391203 52.519055
13.388581 52.519489
13.337411 52.535235
13.405444 52.543026
13.372744 52.518769
13.364940 52.532482
13.369168 52.531823
13.417029 52.517328
13.323509 52.523888
13.376783 52.533169
13.403793 52.519994
13.283870 52.523714
13.263016 52.543737
13.414264 52.518521
13.430433 52.517881
13.343283 52.523961
13.447068 52.517143
13.277649 52.537928
13.326197 52.538116
13.447677 52.526362
13.453568 52.515868
13.308590 52.531500
13.377121 52.518589
13.287333 52.546862
13.285074 52.541770
13.275391 52.542727
13.432107 52.525653
13.383623 52.543639
13.359516 52.529939
13.372495 52.521724
13.224144 52.534586
13.353853 52.526102
13.234952 52.534264
13.276134 52.543939
13.318038 52.521153
13.402964 52.495602
13.317011 52.493529
13.418054 52.492472
13.392698 52.502773
13.280623 52.504472
13.351342 52.514696
13.289998 52.500934
13.207550 52.496346
13.358879 52.512954
13.239412 52.514732
13.242264 52.519421
13.241293 52.514727
13.398865 52.498547
13.397852 52.499208
13.268579 52.512990
13.271044 52.502496
13.408099 52.500076
13.450949 52.503255
13.325118 52.502416
13.314634 52.512266
13.285253 52.499566
13.273492 52.494057
13.439144 52.508543
13.284877 52.516755
13.306495 52.505298
13.378486 52.513977
13.246110 52.515229
13.367340 52.512458
13.375677 52.515304
13.355605 52.514119
13.233999 52.514318
13.150122 52.511823
13.197421 52.500032
13.450144 52.500296
13.300189 52.471599
13.354860 52.473670
13.338291 52.478633
13.363908 52.472515
13.437865 52.468604
13.391860 52.479638
13.391166 52.474440
13.393239 52.474561
13.205931 52.472015
13.395224 52.477383
13.174629 52.479239
13.177137 52.481331
13.164765 52.485528
13.169869 52.486831
13.338644 52.477453
13.336578 52.477421
13.365406 52.467796
13.436038 52.479759
13.319115 52.467517
13.373255 52.466449
13.422790 52.472937
13.335700 52.468837
13.396348 52.483029
13.391091 52.482048
13.449313 52.476062
13.445929 52.487685
13.360308 52.474290
13.449494 52.463631
13.264557 52.492327
13.425291 52.466739
13.392016 52.470860
13.396217 52.481441
13.249074 52.484916
13.214453 52.475136
13.213116 52.478307
13.404184 52.487441
13.429044 52.464927
13.409795 52.469665
13.380586 52.470772
13.388981 52.477400
13.078802 52.473064
13.033717 52.498969
13.037976 52.498310
13.076472 52.474914
13.401580 52.469695
13.328742 52.450433
13.234735 52.450909
13.229726 52.454913
13.407719 52.460607
13.421865 52.453535
13.325832 52.447282
13.344115 52.445413
13.399456 52.445274
13.187857 52.443605
13.253156 52.443018
13.251540 52.444477
13.176954 52.437804
13.176815 52.439967
13.267256 52.439541
13.309773 52.431355
13.357270 52.385833
13.363492 52.390163
13.323891 52.396979
13.253460 52.389426
13.257564 52.390561
13.343752 52.402375
13.276103 52.387075
13.087542 52.416892
13.072316 52.414433
13.340586 52.380947
13.363572 52.371730
13.342316 52.370582
13.243160 52.366848
13.209475 52.370335
13.439923 52.369912
13.281306 52.364017
