760 1740 1995 977 2012 2407 1070 2133 2574 1325 1886 2077 1580 2243 2494 1664 2267 2601 1945 2396 2704 1917 2573 2905 1759 2334 2533 1420 2018 2206 -166 518
538 579 711 760 810 1007 788 889 1098 1083 1105 1348 1353 1613 1997 1420 1721 2143 1580 1912 2349 1522 1800 2263 1685 1966 2379 1338 1412 1897 553 2025
406 493 623 702 834 951 547 609 856 1074 1177 1349 2111 2415 2601 2332 2649 2852 2518 2827 3078 2380 2781 2998 1544 1696 2051 849 993 1387 1421 2496
358 412 476 563 604 664 425 534 687 796 902 950 1587 1895 2150 1795 2161 2430 2057 2434 2819 1681 2294 2636 1402 1608 1867 816 992 1390 1208 2556
603 742 817 835 962 1021 931 1056 1179 1262 1326 1455 1744 1788 1845 1951 1995 2051 2252 2304 2393 2084 2145 2191 2475 2725 2936 1589 1855 2114 640 1006
169 211 224 343 355 392 203 226 248 527 565 641 1273 1593 1972 1493 1847 2360 1694 2081 2622 1625 1982 2449 891 1085 1251 406 475 570 1419 2101
191 201 227 307 319 356 192 212 266 476 504 569 1223 1454 1774 1461 1719 2233 1678 1959 2489 1523 1846 2395 827 973 1147 362 428 539 1375 1931
261 278 319 511 637 690 391 304 362 801 975 1030 2381 2874 3664 2777 3415 4495 2997 3703 4867 2883 3592 4744 1499 1828 1992 766 852 940 2599 3691
1933 2331 3594 1897 2273 3606 1946 2366 3681 2091 2625 3598 2024 2525 3562 2021 2544 3551 2094 2642 3568 1964 2362 3650 2565 2918 3337 1750 1958 2640 -670 -265
2898 3161 3217 3133 3450 3502 3793 4154 4223 3617 3948 4320 3795 4250 4531 3991 4284 4702 4316 4793 5193 4800 5205 5252 3632 3855 4192 1785 1843 1969 157 406
352 462 523 336 644 790 399 1203 1475 656 1263 1390 857 1666 2053 939 1721 2168 948 1671 2126 678 1850 2335 922 1524 1714 630 1060 1170 362 566
748 796 816 922 994 1038 1196 1390 1487 1305 1419 1536 1510 1700 1884 1585 1827 2032 1675 1917 2127 1683 1893 2058 1909 2257 2391 1674 2046 2098 174 410
170 236 338 308 473 530 173 297 506 553 782 891 1351 2183 2361 1550 2814 3173 1875 3120 3410 1701 2867 3177 1469 1583 1632 599 790 963 1822 2998
512 723 816 532 862 1046 457 837 1024 653 837 1015 693 1055 1338 738 1099 1483 738 1151 1563 671 1433 1970 825 1180 1522 668 997 1230 66 236
316 576 703 320 605 765 279 619 791 447 734 910 598 930 1152 640 964 1242 697 1032 1252 504 844 1104 712 1010 1253 499 847 1012 140 258
1047 1174 1441 1046 1256 1523 1058 1292 1566 1331 1530 1816 1406 1558 1857 1405 1562 1851 1415 1564 1804 1043 1311 1537 1461 1646 1935 1179 1397 1641 -119 193
1369 2125 2662 1494 2311 2851 1545 2479 3069 1426 2264 2689 1465 2318 2737 1395 2310 2712 1395 2280 2672 1618 2558 3102 1494 2320 2690 1204 1896 2191 -672 14
482 516 671 603 644 782 655 715 843 767 827 1009 1007 1124 1214 1064 1197 1294 1165 1315 1402 1026 1239 1392 1107 1197 1373 885 967 1057 243 378
1777 1841 1916 2101 2200 2266 2359 2462 2641 2328 2470 2559 2371 2498 2594 2360 2503 2608 2359 2497 2612 2409 2508 2683 2538 2624 2773 2186 2262 2383 -503 -449
436 454 460 470 479 487 470 484 498 561 590 620 640 668 706 650 700 743 679 727 758 575 581 655 755 814 857 610 648 666 61 338
207 214 246 342 354 374 212 229 264 504 543 548 1352 1488 1671 1548 1734 2016 1755 1916 2239 1647 1865 2125 767 913 994 356 417 475 1279 1540
309 404 453 488 583 717 418 498 623 748 854 936 1579 1898 2114 1709 2095 2519 1940 2353 2813 1983 2538 3108 1387 1504 1701 850 930 1070 1272 1731
217 247 305 405 447 482 258 332 381 648 705 802 1378 1956 2320 1569 2273 2816 1818 2453 3118 1874 2483 3105 1294 1422 1566 701 751 843 1550 2513
402 431 544 690 722 837 502 697 900 1060 1153 1309 2220 2351 2490 2551 2686 2904 2920 3040 3253 2716 2842 3055 2260 2332 2508 1156 1288 1463 1599 2019
1161 1213 1327 1567 1659 1799 1925 2088 2270 2013 2122 2297 2362 2509 2679 2536 2648 2855 2754 2884 3052 2664 2849 3100 2900 3021 3306 2637 2827 3080 184 364
2300 3243 3666 2160 3290 3714 2016 3316 3751 1918 3028 3514 1883 3034 3492 1775 3010 3445 1763 3018 3525 1903 3164 3617 1806 2981 3648 1402 2456 3192 -1088 -653
1975 3390 3586 2058 3937 4037 2192 4262 4391 1841 3169 3364 1989 3391 3538 1979 3497 3642 1958 3560 3693 2570 4760 4881 1723 3062 3152 1121 2064 2120 -934 13
451 458 503 507 664 751 634 1199 1308 968 1162 1229 1088 1485 1803 1129 1561 2003 1120 1594 2022 768 1626 1944 1381 1705 1946 1141 1608 1704 331 626
495 711 773 640 984 1028 999 1336 1421 1237 1283 1364 1384 1597 1800 1428 1724 1906 1470 1774 2019 1389 2111 2233 1834 2004 2051 1714 1829 1931 156 374
454 550 586 505 766 797 701 1328 1353 916 1321 1394 1081 1502 1694 990 1491 1718 1040 1453 1669 902 1690 1863 1514 2062 2224 1455 2093 2195 24 204
447 493 494 569 626 679 975 1011 1044 1184 1295 1324 1429 1492 1676 1380 1499 1690 1316 1463 1686 1340 1416 1542 1720 1957 2052 1727 1952 1976 154 494
310 379 481 332 407 526 288 387 533 528 591 746 872 985 1214 921 1134 1360 1022 1207 1495 734 985 1121 708 847 1113 490 617 797 486 692
718 783 811 815 912 961 855 966 1043 947 1029 1097 1182 1389 1464 1258 1476 1556 1331 1541 1612 1305 1624 1723 1294 1414 1455 1065 1130 1153 202 440
465 546 576 641 712 739 678 777 871 864 929 969 1108 1159 1217 1181 1218 1304 1234 1308 1474 1107 1183 1540 1305 1337 1403 926 1022 1038 351 1183
512 728 832 629 913 1021 681 998 1124 863 1069 1198 1389 1531 1622 1490 1673 1810 1651 1829 1994 1549 1627 1895 1468 1731 1917 1029 1280 1382 437 849
527 536 558 645 686 710 710 784 821 864 903 960 1034 1188 1279 1076 1246 1367 1142 1306 1459 1088 1206 1310 1220 1288 1364 942 977 1040 240 492
445 480 504 473 507 586 476 509 537 534 573 628 578 616 753 581 623 764 603 660 814 536 589 712 664 710 863 559 596 655 20 267
441 466 532 471 487 578 473 497 539 568 598 648 620 665 819 641 678 858 674 713 905 605 634 816 752 806 923 608 645 679 105 500
194 278 412 363 529 562 223 342 545 621 781 870 1378 2106 2373 1540 2562 3047 1792 2970 3362 1837 2918 3346 1356 1509 1573 667 811 912 1662 2752
172 220 251 356 400 460 206 292 407 586 657 774 1182 1708 2292 1266 1950 2845 1525 2231 3133 1486 2179 3129 1205 1324 1417 526 583 664 1509 2507
380 405 472 639 671 730 529 671 737 988 1115 1173 1926 2304 2384 2175 2603 2736 2530 2892 3062 2367 2839 2866 2075 2213 2354 1099 1181 1282 1534 2015
1797 1924 2292 1850 2158 2529 1934 2342 2800 2154 2607 3023 2119 2625 3025 2106 2642 3041 2078 2627 3039 1960 2370 2809 2067 2475 2755 1530 1831 1933 -311 -88
489 555 588 688 783 837 708 915 937 1063 1244 1325 1816 1869 2141 2017 2109 2364 2279 2376 2648 2097 2177 2505 2253 2614 2796 1406 1658 1745 1008 1158
402 829 913 471 1043 1153 604 1671 1774 917 1457 1550 993 1821 1946 979 1844 2064 1026 1787 2018 804 2031 2205 1362 2217 2295 1299 2077 2175 -17 156
405 464 500 560 660 719 998 1132 1158 1080 1155 1257 1296 1388 1733 1276 1471 1770 1181 1382 1730 1263 1598 1889 1429 1516 1660 1025 1112 1144 203 432
462 515 558 528 680 747 712 1247 1300 965 1280 1374 1065 1639 1903 1043 1683 1992 1019 1606 1977 899 1819 1982 1104 1588 1721 815 1150 1232 335 682
1943 2920 3047 1913 3050 3294 1913 3129 3371 1997 2986 3364 1969 2996 3327 1880 3005 3385 1900 3026 3426 1904 3179 3340 1777 2741 3153 1183 1802 1921 -632 -421
358 364 849 386 435 845 423 470 860 832 883 990 866 923 1300 860 928 1019 895 930 999 484 530 960 1212 1275 1359 1076 1140 1193 3 239
635 725 760 719 805 864 780 858 929 907 988 1053 937 1042 1109 943 1043 1111 957 1072 1138 849 968 1032 1066 1193 1327 934 1081 1213 -80 -33
495 516 530 631 640 704 673 755 871 754 824 948 899 981 999 922 1011 1042 961 1035 1075 898 940 1009 1052 1101 1233 824 894 1030 25 183
317 359 375 687 734 750 338 395 445 1102 1131 1207 3049 3507 3842 3510 4191 4728 3780 4527 5111 3804 4343 4942 1922 2122 2423 971 1054 1109 2992 3632
326 359 454 678 772 825 338 451 585 1131 1252 1383 3408 3595 3727 4001 4240 4466 4304 4650 4899 4230 4477 4705 2020 2101 2334 935 991 1142 2983 3615
734 843 983 829 965 1133 874 1095 1276 873 1184 1346 900 1213 1364 933 1250 1452 965 1297 1496 1035 1240 1450 947 1270 1545 805 1091 1320 -112 -33
552 847 1063 535 1007 1264 475 1016 1341 592 1090 1434 786 1433 1907 803 1479 1999 797 1524 2061 728 1697 2265 621 1183 1677 468 1033 1353 142 452
768 1151 1255 733 1264 1396 864 1329 1679 1243 1557 1717 1272 1567 1712 1251 1581 1747 1331 1629 1762 922 1400 1768 1161 1346 1523 919 1084 1197 -81 233
3619 4143 4789 3811 4437 5284 3706 4513 5439 3294 4163 4991 3213 4416 5046 3264 4239 5058 3145 4332 5003 3744 4704 5645 2200 3342 3950 1498 2204 2523 -1153 -712
1781 2164 2352 1855 2349 2544 2021 2623 2878 1984 2607 2915 2057 2768 3082 2099 2872 3214 2192 3047 3412 2362 3178 3502 1924 2631 2959 1170 1596 1761 -125 -31
2168 2815 3883 1859 2680 3917 1576 2535 3857 1459 2282 3473 1378 2242 3441 1311 2127 3241 1253 2043 3203 1308 2271 3667 1235 2027 3024 993 1704 2514 -1191 -685
2528 2590 2784 2413 2533 2751 2256 2485 2699 2087 2384 2605 2090 2417 2590 2057 2379 2521 2034 2355 2513 2113 2387 2572 1456 1842 2001 1053 1392 1520 -745 -675
572 626 720 824 888 978 1231 1287 1346 1407 1540 1652 1861 1998 2225 1976 2138 2381 2020 2220 2481 2064 2230 2452 2042 2324 2429 1688 1924 2059 526 799
434 451 478 602 628 669 1103 1211 1341 1146 1243 1264 1288 1348 1462 1284 1364 1489 1227 1299 1442 1314 1476 1640 2155 2349 2401 2073 2227 2368 -169 -82
432 630 756 410 649 815 333 646 839 439 683 820 479 783 906 471 784 944 470 820 947 418 776 1013 498 907 1141 380 825 1058 -74 61
482 651 686 416 560 639 354 505 577 495 562 656 676 779 992 752 866 1172 803 963 1278 594 1079 1461 690 899 1163 629 849 994 224 459
303 639 798 309 631 838 272 584 823 369 678 843 450 776 1000 538 816 1070 529 852 1115 499 775 1047 456 865 1123 303 753 955 17 160
464 678 729 466 739 838 404 676 786 482 682 817 609 992 1315 668 1104 1521 731 1192 1648 549 1060 1544 806 1193 1443 608 955 1094 231 542
798 863 920 854 923 1001 921 990 1061 991 1053 1100 1072 1131 1173 1082 1132 1173 1122 1186 1208 1016 1137 1148 1080 1126 1152 922 950 980 -106 -53
650 702 761 706 748 793 767 801 839 828 864 892 884 900 944 889 917 961 903 936 985 857 888 945 979 1015 1032 888 912 941 -115 -65
784 806 885 864 890 985 937 954 1012 1031 1046 1109 1099 1133 1265 1122 1174 1278 1177 1221 1378 1079 1126 1305 1231 1280 1315 1078 1112 1151 -20 159
393 478 503 586 633 670 597 721 803 794 863 894 1068 1190 1243 1118 1297 1360 1251 1405 1457 1092 1137 1255 1025 1210 1293 630 878 981 443 890
1344 1430 1511 1530 1598 1684 1607 1682 1764 1580 1688 1823 1586 1709 1866 1569 1720 1931 1597 1752 1960 1717 1863 1931 1392 1576 1801 1244 1404 1553 -310 -176
185 227 270 364 399 463 198 296 444 587 695 918 1275 1969 2724 1457 2226 3365 1756 2574 3709 1606 2359 3581 1290 1489 1672 565 655 797 1823 3292
180 200 282 368 403 453 186 279 427 667 723 808 1164 2063 2687 1341 2497 3311 1602 2752 3632 1463 2590 3531 1277 1516 1689 635 688 779 1743 3110
156 192 313 287 387 455 182 267 411 538 630 804 1230 1906 2223 1383 2316 2989 1698 2636 3284 1521 2454 2898 1132 1357 1453 532 592 707 1656 2746
275 295 338 452 476 517 359 387 449 706 803 851 1411 1900 2299 1577 2195 2876 1812 2424 3106 1686 2313 2988 1435 1545 1630 744 774 904 1485 2734
171 222 264 319 342 357 196 256 357 558 593 653 1039 1557 2095 1175 1938 2477 1361 2193 2781 1206 1909 2572 1085 1223 1349 622 673 722 1350 2505
303 328 381 663 725 765 357 418 450 1089 1185 1236 3060 3325 3494 3534 3979 4179 3823 4324 4699 3728 4108 4469 1944 2016 2253 972 1032 1067 2799 3616
395 498 634 770 971 1017 434 738 967 1206 1577 1665 3190 3377 3634 3522 3812 4233 3826 4208 4546 3682 4132 4500 2178 2408 2641 1071 1268 1436 2418 3041
1063 1588 1883 1291 1969 2247 1483 2241 2556 1563 2181 2576 1596 2236 2650 1592 2271 2666 1611 2257 2685 1550 2328 2723 1570 2266 2701 1398 2004 2460 -326 88
368 378 400 494 506 553 590 712 835 654 777 837 689 875 961 753 1004 1098 851 1136 1262 922 1132 1340 2120 2751 3090 1949 2660 3022 -63 -15
117 155 181 148 172 203 88 102 108 86 95 119 52 61 87 55 73 98 60 68 93 70 80 100 64 79 93 55 66 81 -78 -53
154 173 222 209 231 262 119 152 201 133 145 254 112 153 252 140 173 261 140 184 312 125 165 255 131 197 334 95 137 267 -29 46
107 133 203 145 163 199 85 101 125 78 92 171 58 78 171 57 68 174 57 68 178 69 79 139 82 108 201 61 91 154 -51 89
438 896 1081 460 939 1134 457 949 1189 612 780 994 747 930 1218 854 965 1295 901 996 1322 967 1103 1361 767 1082 1322 593 956 1104 -74 355
867 958 1047 941 1023 1175 883 1001 1143 847 959 1103 973 1132 1408 1082 1208 1520 1198 1274 1614 1271 1433 1677 1657 1770 1830 1523 1547 1617 -78 145
774 813 860 776 854 920 684 802 864 747 812 877 888 1121 1411 907 1215 1529 904 1263 1644 987 1118 1234 997 1147 1306 803 937 1027 144 492
2364 2665 2857 2471 2833 2950 2565 2972 3083 2505 2917 3007 2465 2882 3016 2465 2844 2978 2351 2803 2889 2615 2925 3064 1429 1755 1818 981 1178 1286 -680 -518
1298 1446 1752 1395 1557 1884 1457 1623 2000 1461 1799 2114 1457 1819 2133 1397 1794 2129 1344 1804 2117 1481 1770 2142 1258 1734 2021 967 1337 1554 -312 -188
841 857 898 931 939 971 963 981 999 1018 1030 1056 1073 1168 1185 1092 1228 1260 1161 1275 1305 1132 1180 1205 1178 1247 1283 1040 1056 1104 -40 52
290 348 410 400 474 528 338 509 620 531 664 746 812 927 1100 831 981 1194 946 1045 1239 800 912 1025 888 957 1122 602 705 864 350 906
230 249 267 390 411 433 244 278 317 593 618 686 1261 1532 1882 1438 1795 2296 1664 2031 2538 1579 1937 2464 947 1118 1231 431 475 567 1278 1791
165 211 262 295 367 477 173 243 396 536 589 783 1327 1904 2652 1570 2447 3589 1908 2819 3858 1729 2740 3755 1050 1372 1533 438 576 722 1844 3304
332 345 355 634 678 693 322 341 361 872 962 1068 2773 3107 3816 3240 3912 4686 3520 4134 5124 3669 4453 5169 1778 1970 2255 843 926 1048 2569 3782
261 298 305 615 652 748 253 303 331 980 1065 1139 3514 3694 3865 4317 4648 4921 4597 5038 5380 4754 5011 5308 1767 1941 2293 863 908 1018 3451 4104
6470 7150 7448 6554 7415 7708 6437 7479 7799 6225 7248 7483 6051 7124 7385 5831 7044 7269 5730 6951 7181 6097 7278 7627 4883 6150 6444 4387 5672 5958 -2142 -1531
426 524 542 559 757 792 930 1385 1410 1235 1449 1479 1314 1749 1776 1344 1778 1846 1299 1719 1786 1213 1946 2052 2009 2341 2392 1903 2288 2333 51 118
516 829 1004 525 918 1101 534 1028 1177 804 965 1115 806 1059 1197 887 1061 1234 831 1063 1237 631 1108 1319 1219 1517 1646 1012 1284 1425 -185 196
465 491 505 683 765 836 1297 1571 1832 1106 1443 1618 1237 1768 2063 1341 1777 2176 1311 1714 2092 1607 1929 2376 1771 2426 2888 1570 2271 2620 -8 225
903 936 984 888 941 1016 841 911 986 838 1018 1117 845 1034 1146 848 1052 1169 828 1033 1173 830 928 1049 1031 1298 1399 915 1159 1247 -220 -170
543 613 685 706 750 795 639 750 825 915 973 1011 1185 1535 1626 1210 1676 1815 1283 1767 1920 1339 1826 1939 1147 1207 1260 772 883 994 516 954
604 796 931 651 835 981 551 790 990 743 877 1014 907 1009 1228 921 1053 1298 931 1087 1319 873 1248 1485 810 994 1236 704 884 1102 12 108
870 945 1023 968 1037 1134 1037 1101 1264 1069 1103 1234 1222 1293 1342 1290 1333 1367 1333 1387 1408 1315 1393 1445 1164 1232 1357 990 1040 1208 -88 141
765 810 830 858 912 950 906 988 1044 956 1008 1090 1031 1110 1194 1033 1086 1235 1061 1116 1253 1033 1144 1239 1135 1219 1292 994 1077 1132 -127 -41
375 457 491 420 607 669 379 725 802 588 763 862 873 916 1029 945 970 1087 992 1044 1143 818 914 1060 885 1070 1236 640 888 988 165 428
570 609 652 718 750 802 811 846 903 967 990 1029 1127 1158 1200 1166 1220 1267 1217 1292 1343 1146 1184 1283 1391 1429 1451 1106 1150 1209 130 307
305 486 518 373 564 676 379 589 790 533 744 971 614 1042 1248 620 1110 1337 622 1211 1459 553 1268 1519 636 1209 1610 490 873 1198 202 473
522 536 554 650 671 703 697 758 808 829 871 909 944 1073 1110 948 1144 1187 1040 1231 1287 986 1093 1144 1264 1316 1403 1020 1083 1170 136 251
537 564 593 592 690 727 573 751 795 656 783 852 728 868 963 778 894 1006 839 943 1048 843 962 1075 869 950 1019 673 809 863 4 91
366 388 426 430 438 478 441 458 483 501 521 537 548 580 600 595 619 646 661 688 736 623 649 676 651 696 737 579 618 647 45 94
1433 1479 1502 1708 1809 1840 1943 2121 2168 1959 2187 2245 2041 2283 2374 2092 2294 2406 2172 2358 2464 2220 2324 2442 2074 2369 2410 1664 1862 1902 -161 -61
143 207 276 290 375 432 168 286 407 513 620 801 1293 1474 1873 1478 1786 2370 1713 2046 2587 1511 1802 2273 1103 1307 1486 580 647 791 1364 2429
152 208 308 292 381 458 166 296 418 505 613 727 1289 1935 2258 1468 2361 3050 1761 2619 3323 1670 2555 3236 1160 1414 1547 551 634 789 1682 3070
181 230 270 338 406 474 194 260 405 593 684 830 1306 2193 2722 1470 2776 3642 1777 3083 3963 1706 3247 4170 1271 1460 1658 602 680 787 1919 3413
279 293 334 621 652 746 277 304 403 948 1056 1209 3464 3679 3765 4171 4430 4577 4478 4870 5030 4415 4708 4834 1805 1886 2266 817 846 992 3228 3681
312 494 563 572 799 931 349 517 691 858 1308 1445 2631 3027 3304 3338 3761 4020 3496 3963 4273 3426 3883 4227 1221 1382 1592 528 644 947 2221 3220
145 163 175 162 177 188 102 113 120 102 111 117 50 65 79 49 68 78 34 51 67 53 68 78 33 41 48 32 37 40 -92 -81
139 172 199 177 196 214 119 131 138 115 122 133 45 81 89 67 84 88 56 76 87 60 85 96 76 83 92 69 78 90 -101 -87
291 579 658 326 864 961 458 1488 1573 716 1325 1420 973 1715 1897 1018 1824 2010 1035 1921 2080 845 2158 2400 1158 1983 2104 854 1693 1856 247 372
748 806 825 853 896 942 874 940 1017 988 1026 1067 1104 1154 1199 1125 1184 1257 1183 1272 1379 1145 1186 1262 1200 1257 1330 1028 1053 1107 66 607
808 846 877 880 946 966 937 1037 1040 1045 1095 1106 1081 1159 1179 1102 1185 1202 1108 1204 1222 1085 1154 1193 1106 1157 1214 937 1004 1044 -97 -24
478 527 536 648 660 680 717 746 777 850 881 916 1016 1174 1422 1051 1274 1541 1141 1428 1678 1065 1275 1341 1315 1367 1493 910 955 1083 383 730
591 692 792 772 849 966 889 970 1119 1044 1105 1161 1366 1393 1445 1403 1468 1522 1473 1516 1585 1365 1493 1542 1326 1384 1418 1056 1102 1144 188 341
1287 1396 1506 1541 1693 1800 1764 1919 2037 1810 1949 2060 1886 2013 2145 1985 2111 2273 2247 2364 2500 2143 2246 2431 2574 2764 2796 2085 2216 2249 -80 -1
890 950 1051 1048 1166 1283 1167 1271 1459 1310 1394 1520 1597 1680 1749 1767 1786 1867 2045 2064 2107 1852 1927 1975 2229 2399 2490 1737 1967 2019 272 857
539 566 585 648 658 668 604 677 689 767 778 838 971 993 1419 1066 1099 1558 1184 1249 1756 986 1017 1552 1440 1484 1522 1043 1160 1201 482 1742
201 218 234 342 353 415 220 237 293 538 555 637 1500 1601 1777 1724 1886 2197 1995 2141 2475 1947 2067 2390 889 1138 1300 388 502 605 1427 1761
413 437 481 692 716 772 614 713 793 1143 1218 1335 2217 2481 2720 2526 2841 3171 2849 3179 3482 2665 3001 3311 2322 2449 2497 1214 1313 1361 1748 2440
329 347 387 628 638 669 339 383 414 988 1029 1068 2173 2601 3142 2467 2994 3561 2742 3234 3814 2572 3078 3694 1685 1839 2078 838 928 1101 2079 3435
527 560 721 768 797 941 639 734 1113 1125 1245 1350 1736 2062 2277 1865 2277 2503 2067 2543 2668 1923 2415 2552 1613 1798 2020 1048 1198 1704 920 1680
438 578 848 800 938 1050 568 911 1239 1158 1284 1455 1791 1941 2246 1920 2081 2503 2165 2318 2668 2027 2198 2606 1725 1940 2180 880 1401 1986 1120 3505
536 608 706 814 887 974 719 808 1094 1236 1337 1467 1918 2050 2240 2055 2194 2555 2257 2434 2801 2159 2361 2701 1738 1989 2405 1109 1296 1749 920 1587
1258 1317 1581 1732 1909 2155 1844 2135 2487 2223 2522 2905 2516 2954 3169 2677 3037 3322 2860 3210 3474 2835 3068 3373 2926 3444 3827 2433 2975 3440 206 546
1198 1724 1909 1615 2280 2544 1759 2622 2973 2130 2909 3147 2373 3113 3320 2432 3200 3403 2602 3358 3551 2733 3283 3500 2762 3662 3973 2347 3390 3664 -30 415
3016 3446 3575 3034 3423 3575 2906 3363 3498 2875 3293 3385 2803 3236 3323 2722 3171 3270 2625 3108 3202 2704 3133 3252 2293 2698 2759 2025 2319 2374 -1049 -911
869 905 918 884 926 961 831 941 986 821 953 1014 839 990 1047 850 1028 1079 862 1043 1094 915 1048 1085 1063 1359 1462 940 1235 1338 -226 -172
431 455 515 585 669 838 913 1203 1588 1133 1291 1490 1362 1538 1909 1373 1611 2054 1337 1632 2076 1226 1527 2018 1906 2091 2403 1739 1878 2049 196 367
357 486 548 489 630 781 574 1166 1318 956 1088 1216 1353 1590 1825 1424 1697 1974 1447 1738 2046 1351 1607 1895 1239 1446 1649 778 1026 1121 462 696
553 562 600 725 789 846 1193 1433 1446 1166 1269 1373 1473 1644 1795 1475 1745 1926 1479 1776 1952 1578 2044 2082 1844 2113 2254 1599 1827 1964 180 441
654 743 792 747 825 942 731 871 1031 737 873 1021 849 1090 1383 909 1162 1485 927 1232 1525 941 1242 1614 1024 1224 1433 840 971 1104 89 303
795 927 948 798 962 986 794 989 1003 811 964 999 820 979 1012 809 989 1029 821 997 1038 845 1029 1058 919 1201 1223 847 1098 1106 -229 -17
515 620 634 496 664 691 450 683 737 461 724 787 482 754 807 491 781 826 498 800 853 509 759 832 668 1092 1245 587 992 1148 -131 -85
373 749 955 378 784 1049 325 800 1057 437 702 890 577 876 1133 652 943 1163 676 979 1233 626 1100 1405 593 923 1180 457 756 966 -35 211
586 810 899 596 851 964 539 834 969 657 796 910 860 1039 1285 921 1137 1373 969 1189 1500 900 1098 1232 914 1176 1386 730 965 1073 122 243
729 855 897 881 940 992 908 1000 1083 1007 1054 1132 1177 1235 1335 1211 1288 1382 1286 1355 1456 1224 1269 1353 1228 1284 1316 981 1038 1076 76 470
561 767 874 612 850 973 590 911 1074 600 959 1114 686 1003 1156 677 1023 1185 720 1047 1229 751 1006 1157 628 1050 1239 536 951 1072 -85 109
601 795 921 638 883 1013 712 918 1090 879 936 998 1113 1257 1330 1133 1391 1473 1241 1448 1563 1262 1410 1467 1247 1269 1318 922 1007 1033 203 620
622 673 715 770 851 901 861 882 936 933 983 1068 1242 1273 1461 1356 1377 1533 1465 1491 1686 1295 1401 1815 1433 1477 1639 1128 1154 1171 376 1086
574 593 620 666 694 712 749 760 771 847 868 912 966 1004 1227 1026 1090 1320 1134 1231 1491 998 1056 1248 1502 1524 1538 1157 1219 1267 250 1113
1268 1454 1550 1510 1763 1885 1664 1968 2099 1844 2023 2086 1925 2087 2161 1992 2152 2228 2246 2354 2380 2088 2237 2301 2537 2675 2732 2092 2169 2229 -132 117
794 876 963 850 968 1073 824 971 1070 913 985 1074 1016 1082 1124 1034 1123 1157 1054 1136 1168 1017 1109 1171 1204 1341 1387 1129 1253 1366 -156 105
184 211 260 335 362 435 189 262 362 551 622 740 1311 1624 2051 1478 1830 2658 1764 2124 2902 1633 1994 2791 1170 1224 1358 500 576 723 1421 2227
137 201 271 254 333 406 145 245 392 467 552 689 1062 1509 2025 1231 1901 2554 1518 2151 2888 1431 1910 2637 1162 1278 1322 476 594 716 1426 2433
199 252 271 377 392 416 281 315 339 625 700 722 1259 1660 1909 1480 1953 2313 1693 2195 2610 1480 1971 2487 1087 1293 1463 593 690 771 1346 2143
310 340 368 651 705 738 344 394 472 1039 1121 1212 2760 3080 3469 3113 3690 4242 3338 4027 4608 3446 3871 4577 1874 2005 2204 954 1062 1080 2617 3651
396 437 481 659 703 752 525 640 837 1035 1173 1266 1948 1998 2618 2203 2303 3026 2540 2578 3312 2379 2418 3158 2078 2255 2351 1111 1234 1362 1529 2575
838 857 873 1060 1090 1135 1122 1219 1262 1205 1447 1566 1361 1648 1825 1406 1712 1898 1443 1796 2001 1434 1719 2003 1403 1810 2056 1178 1557 1774 188 488
1621 1664 1702 1931 1957 2022 2114 2158 2253 2147 2177 2276 2208 2256 2330 2230 2326 2378 2368 2464 2505 2380 2421 2463 2551 2672 2707 2045 2168 2199 -297 -220
981 1198 1310 1331 1520 1671 1569 1913 2110 1685 2098 2292 2042 2321 2500 2218 2451 2654 2460 2663 2889 2446 2570 2762 2468 3096 3360 2108 2906 3204 219 569
1024 1236 1339 1383 1633 1756 1609 1980 2147 1821 2209 2355 2127 2511 2630 2279 2652 2792 2497 2914 3032 2407 2811 2928 2955 3597 3731 2525 3068 3326 258 506
873 1094 1239 1174 1431 1598 1362 1719 1944 1660 1992 2198 1937 2315 2460 2068 2489 2615 2341 2775 2890 2185 2634 2763 2826 3432 3666 2349 2993 3247 361 708
1074 1245 1400 1427 1704 1880 1674 2020 2282 1850 2183 2424 2158 2420 2651 2271 2542 2756 2530 2735 2977 2414 2740 2945 2825 3035 3592 2383 2698 3321 229 582
533 574 603 766 837 892 777 919 1011 1206 1415 1477 2152 2220 2487 2426 2512 2800 2775 2823 3156 2623 2709 3004 2187 2559 2624 1245 1461 1516 1397 1735
391 528 595 529 768 896 815 1470 1656 1250 1380 1457 1500 1615 1839 1580 1672 1973 1573 1717 1998 1185 2038 2381 2089 2266 2411 1843 2108 2184 159 508
192 208 223 327 358 372 213 223 271 525 542 619 1229 1444 1825 1447 1749 2224 1645 1980 2463 1451 1727 2276 896 1032 1110 424 469 569 1294 1840
206 211 235 329 348 388 225 231 297 502 513 594 1301 1424 1655 1487 1648 2032 1721 1880 2267 1596 1745 2157 831 981 1206 377 430 564 1233 1597
3515 3642 3751 3600 3705 3809 3606 3831 3948 3601 3809 3951 3611 3820 3955 3549 3710 3922 3576 3749 3944 3617 3863 3950 3007 3334 3521 2261 2600 2723 -837 -356
3282 3334 3493 3289 3459 3643 3266 3626 3795 3191 3507 3659 3112 3543 3663 3071 3505 3630 3011 3475 3628 3146 3559 3732 2418 2885 3081 1718 2081 2229 -882 -794
345 629 719 485 870 1004 811 1531 1661 1154 1454 1557 1380 1698 1927 1504 1802 2069 1505 1823 2098 1299 1984 2206 1836 2209 2414 1519 1984 2119 156 430
749 704 858 332 738 913 295 698 894 461 731 893 589 917 1095 634 948 1211 644 1009 1307 592 897 1121 673 1060 1342 485 890 1093 78 226
372 465 586 435 524 677 391 500 634 581 745 826 799 1083 1430 870 1229 1645 962 1367 1781 925 1104 1671 938 1253 1407 667 963 1043 498 780
217 236 249 352 377 402 239 264 290 554 576 633 1353 1527 1682 1573 1750 2050 1815 2007 2296 1691 1891 2242 910 1095 1134 447 476 592 1257 1687
320 328 357 711 773 816 325 353 430 1174 1226 1291 3511 3877 4086 4213 4609 5051 4532 5046 5498 4358 4847 5354 1931 2104 2411 979 1017 1118 3345 3909
569 581 593 992 997 1017 721 747 766 1017 1024 1047 1156 1177 1184 1515 1537 1550 3105 3138 3175 2398 2421 2455 3439 3990 4171 2236 2628 2839 1371 1463
1857 1902 1976 2496 2555 2588 3127 3173 3217 3344 3488 3512 3409 3601 3651 3423 3668 3715 3594 3863 3963 3705 3831 3872 3987 4260 4384 3868 4208 4290 -183 -7
920 1439 1572 1297 1991 2130 1381 2258 2486 2000 2540 2657 1761 2477 2616 1753 2561 2716 1762 2532 2707 1615 2735 3006 1859 2621 2830 1838 2517 2696 -225 26
1205 1569 1916 1314 1778 2174 1349 1936 2191 1272 1837 2166 1487 2393 2835 1609 2559 3047 1719 2779 3322 1639 2564 3087 1565 2383 2673 1120 1648 1813 216 442
797 824 858 834 883 927 877 925 968 951 983 1053 1088 1146 1169 1111 1183 1202 1176 1237 1268 1039 1121 1171 1169 1211 1312 966 1024 1151 -2 72
488 504 551 707 812 1048 601 644 783 1039 1260 1544 3564 2492 3471 2116 2759 3939 2271 2989 4146 2229 2865 4120 1350 1537 1722 872 933 1062 1716 3361
624 710 791 895 961 1000 967 1096 1216 1245 1334 1471 1591 1925 2247 1643 2083 2472 1863 2269 2757 1809 2242 2607 1751 2092 2489 1443 1666 2007 684 1320
477 520 562 740 843 949 603 699 810 1193 1295 1412 2113 2586 2801 2312 2775 3096 2489 3012 3319 2433 2834 3135 1309 1512 1752 791 958 1082 1513 2768
387 415 525 602 657 807 589 684 852 954 1085 1416 1427 1833 2260 1585 1987 2485 1861 2242 2764 1739 2081 2585 2207 2350 2623 1343 1467 1676 1037 1522
334 389 434 620 641 717 478 541 645 1049 1111 1187 2337 2455 2582 2738 2869 3071 3149 3305 3571 2931 3110 3297 2024 2217 2655 1017 1090 1445 1961 2441
505 519 602 760 808 849 652 744 946 1101 1220 1347 1628 1832 2195 1794 1946 2445 2068 2213 2639 1941 2115 2530 1565 1864 1973 1079 1222 1511 942 1483
449 486 518 662 722 767 737 806 901 1036 1235 1298 1431 1795 2290 1593 1994 2471 1850 2287 2703 1716 2159 2613 2319 2364 2455 1469 1547 1640 945 1511
137 150 158 142 161 170 72 90 97 67 83 103 38 54 77 35 47 76 23 33 70 35 61 77 23 42 51 25 32 42 -78 -54
155 164 179 165 188 268 79 98 116 73 95 111 47 49 65 47 56 68 34 46 62 47 56 71 71 55 69 28 44 54 -103 -58
390 460 656 623 685 911 587 765 985 889 998 1378 1218 1773 2336 1326 1982 2598 1452 2198 2861 1392 2115 2749 1377 1821 2222 926 1120 1828 916 2719
418 531 713 622 777 954 598 693 1013 981 1101 1350 1638 1769 2161 1776 1925 2381 2019 2185 2669 1797 2002 2496 1691 1816 2515 998 1225 1919 899 2736
379 437 562 514 683 769 548 629 869 796 897 1112 1052 1189 1655 1221 1295 1840 1399 1494 2083 1322 1402 1967 1479 1820 1981 1088 1231 1687 651 2503
563 650 697 789 881 942 820 1030 1152 1136 1295 1397 1570 1766 2051 1698 1912 2270 1949 2112 2500 1885 2003 2370 1872 2374 2548 1480 1852 1984 675 1280
427 500 798 621 688 1012 630 726 1246 939 1097 1462 1465 1742 2083 1591 1948 2275 1756 2224 2602 1663 2021 2431 1705 2009 2347 1217 1404 1990 745 1391
535 558 624 876 923 1033 593 865 1002 1245 1328 1501 2153 2571 2977 2395 2980 3318 2604 3187 3583 2491 3079 3451 1613 1905 2156 888 1191 1616 1518 2930
586 619 643 766 854 879 885 963 999 1083 1221 1310 1493 1725 1852 1619 1940 2144 1850 2202 2428 1789 2029 2290 2043 2252 2387 1575 1705 1789 688 1227
